'eval_loss': 0.4322802424430847, 'eval_accuracy': 0.8345370978332239, - 3
'eval_loss': 0.5903527140617371, 'eval_accuracy': 0.8299409061063691, - 5
'eval_loss': 1.1923834085464478, 'eval_accuracy': 0.7997373604727511, - 10
'eval_loss': 0.4015549123287201, 'eval_accuracy': 0.8384766907419566, - 2 